usecolor=0;
dispnum=1;
ilacemode=0;
sensemask0=0x000000; outcol0=0x000000;
sensemask1=0x000000; outcol1=0x000000;
sensemask2=0x000000; outcol2=0x000000;
gamma=2.0; density=2.0;
framepervol=8; hwsync_frame0=3;
hwsync_phase=8.000000; hwsync_levthresh=256;
hwsync_amp0=1.000000; hwsync_pha0=0;
hwsync_amp1=1.000000; hwsync_pha1=0;
hwsync_amp2=1.000000; hwsync_pha2=0;
hwsync_amp3=1.000000; hwsync_pha3=0;
voxie_vol=52.50;
sndfx_vol=50.00;
emuhang=25.0; emuvang=-45.0; emudist=1350; emugam=2.0; //initial camera angle&pos for emulation (horiz/vert, degrees), camera distance, emulation gamma
aspx=1.00; aspy=1.00; aspz=0.40; aspr=1.41; asprmin=0.17;
drawstroke=3; dither=3;
dotsize=1;
smear=0;
dimcaps=0;
flip=0;
keyst0x0= 771.42; keyst0y0=1012.45; keyst0x1= 337.84; keyst0y1=1009.71;
keyst0x3= 744.13; keyst0y3= 145.02; keyst0x2= 344.86; keyst0y2= 169.72;
keyst0x4= 812.58; keyst0y4=1107.59; keyst0x5= 313.90; keyst0y5=1105.51;
keyst0x7= 785.40; keyst0y7= 126.15; keyst0x6= 323.21; keyst0y6= 145.20;
colo0_r=160; colo0_g=160; colo0_b=160;
mono0_r=255; mono0_g=255; mono0_b=255;
mirror0x=0; mirror0y=1;
motortyp=1; //0=Old DC brush motor, 1=ClearPath using Frequency Input, 2=AU brushless airplane motor
upndow=0; //0=sawtooth /|, 1=triangle /\
nblades=0; //1=/\ or /|, 2=/\/\ or /|/|, etc..
goalrpm=450; sync_usb_offset=0.000;
cpmaxrpm=1000; sawtoothrat=0.875000;
ianghak=18944;
