usecolor=0;
dispnum=1;
ilacemode=0;
sensemask0=0x000000; outcol0=0x000000;
sensemask1=0x000000; outcol1=0x000000;
sensemask2=0x000000; outcol2=0x000000;
gamma=2.0; density=2.0;
framepervol=8; hwsync_frame0=3;
hwsync_phase=8.000000; hwsync_levthresh=256;
hwsync_amp0=1.000000; hwsync_pha0=0;
hwsync_amp1=1.000000; hwsync_pha1=0;
hwsync_amp2=1.000000; hwsync_pha2=0;
hwsync_amp3=1.000000; hwsync_pha3=0;
voxie_vol=47.40;
sndfx_vol=50.00;
emuhang=25.0; emuvang=-45.0; emudist=1350; //initial camera angle&pos for emulation (horiz/vert, degrees), camera distance
aspx=1.00; aspy=1.00; aspz=0.35; aspr=1.41; asprmin=0.17;
drawstroke=3; dither=15;
smear=0;
flip=0;
keyst0x0= 774.49; keyst0y0= 977.95; keyst0x1= 332.37; keyst0y1= 974.22;
keyst0x3= 756.25; keyst0y3= 119.53; keyst0x2= 334.96; keyst0y2= 104.71;
keyst0x4= 824.74; keyst0y4=1091.02; keyst0x5= 308.03; keyst0y5=1069.47;
keyst0x7= 795.17; keyst0y7=  88.67; keyst0x6= 311.81; keyst0y6=  66.95;
colo0_r=128; colo0_g=128; colo0_b=128;
mono0_r=128; mono0_g=128; mono0_b=128;
mirror0x=0; mirror0y=1;
motortyp=1; //0=Old DC brush motor, 1=ClearPath using Frequency Input, 2=AU brushless airplane motor
upndow=0; //0=sawtooth /|, 1=triangle /\
nblades=0; //1=/\ or /|, 2=/\/\ or /|/|, etc..
goalrpm=450; sync_usb_offset=0.000;
cpmaxrpm=1000; sawtoothrat=0.875000;
ianghak=18944;
